3992670690
3823185381
1358822685
561383553
789925284
170765737
878579710
3549516158
2438360421
2285257250
2557845021
4107320065
4142558326
1983958385
2805374267
3967425166
3216529513
1605979227
2807061239
665605494
3211410640
3832587122
4128781001
115061003
36027469
1251993226
457175121
1712592594
1282922662
3467278599
2819264555
2693349607
3478118423
3899507741
3745967032
2389708215
4143129887
3607425725
3108204897
216844123
2759410519
3462752292
3081439808
3997822959
2008322435
1563495164
1398375548
2967598725
1888259215
555401847
3133990731
3576360846
4269260147
1367318865
2907150443
3166259589
3396556834
2563106101
734071155
1562109000
115316741
3414372578
3437564012
2999953669
3881458747
3529943123
105983500
3863176590
2112038651
3572980304
2260248731
3908238630
2561372504
4187221984
223155947
2818012165
3844380234
3487468620
3127879446
441282060
3514786552
1020176958
2148440361
1629275282
3479737010
3003195986
412181689
2082823982
940383290
1783365911
1111189909
2743031559
2010498897
3261125695
1972992891
2394542592
3047321306
2978368172
764731833
3922418062
2282559898
105711275
720447390
3596512483
3302030624
1645853955
3986462144
1283211782
2617755330
27045809
645033211
1879294844
2102930668
3169416485
1620684232
1613878827
3644715326
2118490326
3913132821
60299841
1648617696
1071322885
1355044603
1490934504
